0.034398,0.076583,0.12243,0.16761,0.21094,0.2517,0.2893,0.32325,0.35313,0.37869,0.39979,0.41642,0.42874,0.43708,0.44185,0.44359,0.44288,0.4403,0.43637,0.43151,0.426,0.41992,0.4132,0.4056,0.39677,0.38631,0.3738,0.35887,0.34124,0.32074,0.29736,0.27122,0.24259,0.21192,0.17977,0.14686,0.11404,0.082314,0.052881,0.027368,0.0089174
0.15759,0.35086,0.56093,0.76791,0.96649,1.1533,1.3257,1.4813,1.6184,1.7357,1.8324,1.9088,1.9654,2.0038,2.0258,2.0339,2.0307,2.019,2.001,1.9788,1.9536,1.9258,1.895,1.8602,1.8197,1.7718,1.7144,1.6459,1.5651,1.4711,1.3639,1.244,1.1127,0.97198,0.82453,0.6736,0.52308,0.37755,0.24255,0.12553,0.040901
0.35069,0.7808,1.2484,1.7091,2.1513,2.5674,2.9514,3.2983,3.604,3.8656,4.0818,4.2524,4.3792,4.4652,4.5148,4.5333,4.5267,4.5009,4.4613,4.4121,4.3561,4.2943,4.2259,4.1484,4.0583,3.9515,3.8236,3.671,3.4908,3.2812,3.042,2.7746,2.4818,2.168,1.8391,1.5025,1.1667,0.84213,0.54101,0.28,0.091232
0.55359,1.2326,1.9708,2.6984,3.397,4.0546,4.6619,5.2108,5.6949,6.1097,6.4526,6.7238,6.9257,7.063,7.1427,7.1732,7.1639,7.124,7.0622,6.9851,6.8971,6.7998,6.6919,6.5695,6.4272,6.2583,6.0561,5.8146,5.5292,5.1974,4.8186,4.3951,3.9313,3.4343,2.9133,2.3801,1.8482,1.334,0.85702,0.44355,0.14452
0.73091,1.6275,2.6024,3.5637,4.4869,5.3567,6.1604,6.8874,7.5292,8.0798,8.5357,8.8969,9.1665,9.3506,9.4584,9.501,9.4906,9.4395,9.3591,9.2583,9.1429,9.0149,8.8727,8.7112,8.5231,8.2996,8.0318,7.7118,7.3336,6.8937,6.3915,5.8298,5.2147,4.5555,3.8646,3.1572,2.4517,1.7696,1.1369,0.58839,0.19172
0.87136,1.9403,3.1029,4.2498,5.3519,6.3909,7.3518,8.222,8.9911,9.6519,10.2,10.635,10.961,11.185,11.318,11.372,11.362,11.304,11.21,11.091,10.955,10.803,10.634,10.441,10.217,9.9497,9.6293,9.2462,8.7932,8.266,7.6641,6.9908,6.2533,5.4629,4.6344,3.7862,2.9402,2.1222,1.3634,0.70562,0.22992
0.9763,2.1741,3.4773,4.7634,6.0001,7.1671,8.2474,9.227,10.094,10.84,11.461,11.955,12.326,12.583,12.737,12.802,12.795,12.733,12.631,12.5,12.348,12.18,11.991,11.775,11.523,11.223,10.863,10.431,9.9207,9.3264,8.6477,7.8882,7.0563,6.1646,5.2297,4.2726,3.318,2.3949,1.5386,0.79631,0.25946
1.0514,2.3414,3.7455,5.1318,6.466,7.7261,8.8941,9.9547,10.895,11.706,12.382,12.922,13.33,13.614,13.786,13.862,13.86,13.798,13.691,13.553,13.392,13.212,13.009,12.778,12.506,12.182,11.792,11.324,10.771,10.126,9.3897,8.5655,7.6624,6.6943,5.6793,4.64,3.6033,2.6009,1.6709,0.86481,0.28178
1.1025,2.4556,3.9288,5.3843,6.7862,8.1116,9.342,10.461,11.455,12.314,13.033,13.609,14.046,14.352,14.541,14.629,14.633,14.573,14.465,14.324,14.158,13.971,13.76,13.518,13.232,12.891,12.48,11.986,11.402,10.72,9.9409,9.0688,8.113,7.0882,6.0136,4.9133,3.8156,2.7542,1.7694,0.91579,0.2984
1.135,2.5281,4.0454,5.5456,6.9918,8.3608,9.6335,10.793,11.825,12.72,13.47,14.074,14.535,14.861,15.066,15.164,15.177,15.121,15.016,14.875,14.707,14.517,14.302,14.053,13.759,13.406,12.981,12.469,11.862,11.154,10.344,9.437,8.4429,7.3767,6.2586,5.1136,3.9713,2.8666,1.8417,0.9532,0.31059
1.1527,2.5677,4.1096,5.6352,7.1073,8.5028,9.802,10.988,12.047,12.966,13.74,14.366,14.847,15.19,15.409,15.519,15.54,15.492,15.391,15.253,15.087,14.897,14.68,14.429,14.13,13.771,13.336,12.812,12.19,11.463,10.632,9.7005,8.6792,7.5836,6.4344,5.2574,4.0831,2.9474,1.8936,0.98008,0.31935
1.1587,2.5814,4.1323,5.668,7.1515,8.5596,9.8729,11.074,12.149,13.086,13.877,14.52,15.017,15.375,15.608,15.73,15.761,15.721,15.627,15.495,15.333,15.146,14.931,14.679,14.379,14.017,13.577,13.046,12.414,11.675,10.83,9.882,8.8422,7.7265,6.5561,5.357,4.1606,3.0034,1.9297,0.99874,0.32543
1.1554,2.5743,4.1218,5.6553,7.1383,8.5481,9.8653,11.073,12.156,13.103,13.907,14.562,15.073,15.445,15.69,15.825,15.867,15.837,15.752,15.627,15.471,15.289,15.078,14.829,14.531,14.168,13.726,13.192,12.555,11.81,10.956,9.9982,8.947,7.8187,6.6346,5.4215,4.2109,3.0398,1.9531,1.0109,0.32939
1.1445,2.5504,4.0845,5.6058,7.0789,8.4812,9.794,11,12.085,13.037,13.848,14.513,15.035,15.419,15.677,15.824,15.879,15.86,15.785,15.669,15.521,15.346,15.141,14.897,14.602,14.242,13.801,13.267,12.629,11.882,11.024,10.061,9.0046,7.8697,6.6784,5.4576,4.2391,3.0603,1.9663,1.0177,0.33163
1.1276,2.5129,4.0253,5.5264,6.9816,8.369,9.6703,10.869,11.95,12.902,13.716,14.388,14.919,15.313,15.583,15.743,15.811,15.804,15.741,15.635,15.498,15.331,15.133,14.896,14.607,14.251,13.814,13.283,12.647,11.901,11.044,10.081,9.0233,7.8868,6.6935,5.4703,4.2492,3.0677,1.9711,1.0203,0.33245
1.1057,2.4643,3.9484,5.4225,6.8533,8.2196,9.5035,10.689,11.762,12.709,13.523,14.199,14.736,15.141,15.422,15.595,15.675,15.682,15.631,15.538,15.411,15.255,15.066,14.837,14.555,14.206,13.776,13.25,12.619,11.877,11.024,10.064,9.0093,7.8755,6.6846,5.4635,4.2442,3.0642,1.9689,1.0192,0.3321
1.0797,2.4067,3.8569,5.2986,6.6995,8.0394,9.3011,10.469,11.528,12.468,13.279,13.956,14.498,14.911,15.203,15.388,15.482,15.502,15.465,15.385,15.271,15.126,14.947,14.728,14.455,14.115,13.692,13.174,12.55,11.815,10.968,10.016,8.9673,7.8398,6.655,5.4398,4.2261,3.0514,1.9608,1.015,0.33073
1.0505,2.3418,3.7536,5.1584,6.525,7.8342,9.0693,10.215,11.258,12.186,12.991,13.667,14.212,14.632,14.934,15.131,15.238,15.273,15.25,15.183,15.082,14.95,14.783,14.575,14.312,13.982,13.569,13.06,12.445,11.72,10.883,9.9395,8.9008,7.7828,6.6075,5.4015,4.1967,3.0304,1.9474,1.008,0.32849
1.0186,2.271,3.641,5.0051,6.3338,7.6085,8.8135,9.9341,10.957,11.871,12.667,13.339,13.885,14.311,14.622,14.83,14.95,14.999,14.991,14.939,14.852,14.732,14.578,14.382,14.131,13.812,13.41,12.912,12.309,11.595,10.77,9.8391,8.8126,7.7071,6.5441,5.3504,4.1574,3.0022,1.9294,0.99876,0.32547
0.98473,2.1957,3.5209,4.8416,6.1293,7.3665,8.5383,9.6307,10.631,11.527,12.311,12.978,13.524,13.953,14.271,14.49,14.624,14.686,14.693,14.656,14.583,14.478,14.338,14.154,13.916,13.61,13.22,12.735,12.145,11.445,10.633,9.7167,8.7049,7.6144,6.4665,5.2876,4.109,2.9675,1.9072,0.98734,0.32175
0.94932,2.1169,3.3953,4.6702,5.9145,7.1119,8.248,9.3095,10.284,11.161,11.931,12.589,13.133,13.564,13.889,14.118,14.263,14.34,14.361,14.339,14.281,14.19,14.064,13.894,13.67,13.377,13.001,12.53,11.955,11.27,10.475,9.5743,8.5795,7.5063,6.3759,5.2143,4.0526,2.927,1.8813,0.97397,0.3174
0.91282,2.0357,3.2656,4.493,5.6923,6.8478,7.9461,8.9746,9.9215,10.776,11.531,12.178,12.717,13.149,13.479,13.716,13.873,13.963,13.998,13.991,13.948,13.873,13.761,13.606,13.395,13.117,12.756,12.301,11.741,11.073,10.295,9.4136,8.4378,7.3841,6.2733,5.1313,3.9886,2.8811,1.852,0.95883,0.31248
0.87561,1.9529,3.1333,4.3121,5.4649,6.5771,7.636,8.6298,9.5471,10.378,11.114,11.75,12.282,12.713,13.046,13.291,13.458,13.56,13.609,13.617,13.589,13.528,13.431,13.29,13.095,12.832,12.487,12.048,11.506,10.856,10.098,9.2359,8.2811,7.2489,6.1598,5.0394,3.9178,2.8303,1.8194,0.94204,0.30701
0.83804,1.8693,2.9995,4.129,5.2345,6.3024,7.3207,8.2782,9.1644,9.9695,10.686,11.307,11.831,12.259,12.594,12.845,13.021,13.135,13.197,13.219,13.205,13.159,13.077,12.951,12.771,12.524,12.195,11.774,11.25,10.62,9.8825,9.0426,8.1105,7.1015,6.0361,4.9391,3.8405,2.7748,1.7839,0.92373,0.30105
0.8004,1.7854,2.8654,3.9452,5.0031,6.026,7.0028,7.923,8.7767,9.5546,10.249,10.855,11.369,11.792,12.127,12.382,12.566,12.69,12.765,12.8,12.801,12.769,12.701,12.591,12.426,12.195,11.884,11.48,10.976,10.367,9.6513,8.8347,7.9269,6.9429,5.9028,4.8312,3.7572,2.715,1.7457,0.90398,0.29463
0.76296,1.702,2.7319,3.7621,4.7721,5.7497,6.6846,7.5668,8.387,9.1366,9.8083,10.397,10.899,11.316,11.65,11.908,12.098,12.231,12.317,12.364,12.378,12.36,12.307,12.212,12.063,11.847,11.554,11.169,10.685,10.098,9.4054,8.6134,7.7312,6.7738,5.7607,4.716,3.6683,2.6512,1.7049,0.88291,0.28777
0.72593,1.6195,2.5997,3.5807,4.5431,5.4755,6.3682,7.212,7.9981,8.7183,9.3659,9.9357,10.425,10.833,11.164,11.423,11.619,11.76,11.855,11.914,11.94,11.936,11.896,11.815,11.682,11.483,11.207,10.842,10.379,9.8139,9.1459,8.3797,7.5246,6.5951,5.6104,4.5942,3.5743,2.5837,1.6616,0.8606,0.28051
0.68951,1.5383,2.4697,3.4021,4.3174,5.2048,6.0554,6.8606,7.6121,8.3023,8.9248,9.4748,9.9494,10.349,10.675,10.934,11.132,11.28,11.384,11.453,11.491,11.498,11.472,11.405,11.286,11.104,10.846,10.5,10.059,9.5171,8.8742,8.1347,7.3078,6.4075,5.4526,4.4662,3.4755,2.5127,1.6162,0.83714,0.27288
0.65385,1.4588,2.3422,3.227,4.0959,4.9389,5.7478,6.5144,7.2312,7.8909,8.4877,9.0168,9.4757,9.8642,10.184,10.441,10.642,10.794,10.905,10.983,11.031,11.05,11.037,10.983,10.879,10.713,10.472,10.146,9.7266,9.2085,8.5915,7.8796,7.0819,6.2119,5.288,4.3326,3.3724,2.4386,1.5688,0.81264,0.2649
0.61909,1.3813,2.2179,3.056,3.8795,4.679,5.4466,6.175,6.8571,7.4862,8.0567,8.5642,9.0064,9.3829,9.6958,9.9495,10.15,10.306,10.423,10.508,10.566,10.595,10.593,10.551,10.461,10.311,10.088,9.7815,9.3837,8.8898,8.2991,7.6156,6.8478,6.0091,5.1172,4.1939,3.2653,2.3616,1.5195,0.78719,0.25662
0.58533,1.306,2.0972,2.8899,3.669,4.4258,5.153,5.8437,6.4913,7.0897,7.6337,8.1191,8.5438,8.9073,9.2116,9.4608,9.6606,9.8179,9.9395,10.031,10.096,10.134,10.142,10.113,10.036,9.9008,9.6948,9.408,9.0321,8.5625,7.9984,7.3437,6.6067,5.8001,4.941,4.0508,3.1547,2.2821,1.4686,0.76088,0.24806
0.55265,1.2331,1.9802,2.7288,3.4649,4.1801,4.8678,5.5216,6.1352,6.7031,7.2204,7.6834,8.0898,8.4395,8.7342,8.9776,9.175,9.3329,9.4575,9.5541,9.6256,9.6718,9.689,9.6702,9.6059,9.4847,9.2954,9.0276,8.6734,8.2281,7.691,7.0655,6.3596,5.5856,4.7602,3.9039,3.0411,2.2004,1.4162,0.73384,0.23925
0.52111,1.1628,1.8673,2.5733,3.2676,3.9426,4.5918,5.2094,5.7897,6.3275,6.8182,7.2585,7.6464,7.9816,8.2657,8.5022,8.6961,8.8533,8.9795,9.0797,9.1564,9.2092,9.2345,9.2254,9.1725,9.0649,8.8915,8.6423,8.3095,7.8884,7.3781,6.782,6.1076,5.3668,4.5756,3.7537,2.9249,2.1169,1.3627,0.70617,0.23024
0.49076,1.0951,1.7585,2.4236,3.0776,3.7135,4.3254,4.9079,5.4556,5.9637,6.4282,6.8459,7.2149,7.535,7.8078,8.0366,8.2258,8.3811,8.5078,8.6103,8.6909,8.7491,8.7813,8.7807,8.7383,8.6434,8.4852,8.254,7.9421,7.545,7.0615,6.4948,5.852,5.1446,4.3879,3.6011,2.8068,2.0318,1.3081,0.678,0.22107
0.46162,1.03,1.6541,2.2797,2.8949,3.4933,4.0691,4.6175,5.1335,5.6127,6.0513,6.4464,6.7965,7.1012,7.3622,7.5824,7.7661,7.9184,8.0444,8.148,8.2313,8.2937,8.3317,8.3386,8.3055,8.2224,8.0786,7.8647,7.5732,7.1995,6.7425,6.205,5.5939,4.9201,4.1982,3.4465,2.6871,1.9457,1.2529,0.64944,0.21177
0.43371,0.96775,1.5541,2.1418,2.7198,3.282,3.8232,4.3386,4.8239,5.2749,5.6882,6.0611,6.3922,6.6814,6.9301,7.141,7.3184,7.4669,7.5911,7.6947,7.7796,7.8451,7.8877,7.9009,7.8763,7.8039,7.6737,7.4763,7.2044,6.8537,6.4227,5.9142,5.3346,4.6942,4.0071,3.2909,2.5665,1.8588,1.1972,0.62062,0.20239
0.40702,0.9082,1.4584,2.0099,2.5523,3.0798,3.5876,4.0714,4.527,4.9507,5.3393,5.6904,6.0028,6.2763,6.5124,6.7138,6.8841,7.0279,7.1494,7.2521,7.3376,7.4051,7.4512,7.4697,7.4525,7.3899,7.2722,7.0905,6.8376,6.5091,6.1037,5.6237,5.0753,4.4681,3.8157,3.1348,2.4455,1.7716,1.1412,0.59168,0.19296
0.38156,0.85137,1.3671,1.884,2.3924,2.8866,3.3625,3.8159,4.2429,4.6402,5.0049,5.3347,5.6287,5.8867,6.1101,6.3014,6.4643,6.6027,6.7208,6.8216,6.9067,6.9753,7.0239,7.0468,7.0359,6.9821,6.8761,6.7091,6.4743,6.1673,5.7868,5.3348,4.817,4.2428,3.6247,2.979,2.3247,1.6844,1.0852,0.56274,0.18353
0.3573,0.79723,1.2801,1.7641,2.2399,2.7025,3.1478,3.5721,3.9717,4.3436,4.6852,4.9944,5.2703,5.5129,5.7236,5.9048,6.0597,6.1923,6.3063,6.4045,6.4884,6.5571,6.6074,6.6336,6.6281,6.5822,6.4868,6.3337,6.1162,5.8299,5.4735,5.0488,4.5611,4.0192,3.4351,2.8241,2.2045,1.5977,1.0296,0.53393,0.17415
0.33422,0.74571,1.1974,1.6499,2.0948,2.5272,2.9434,3.3398,3.7133,4.0609,4.3801,4.6694,4.9277,5.1553,5.3534,5.5243,5.6711,5.7974,5.9067,6.0018,6.0838,6.1518,6.2029,6.2316,6.2306,6.1916,6.106,5.9658,5.7646,5.4982,5.165,4.7668,4.3085,3.7983,3.2476,2.6709,2.0855,1.5118,0.97437,0.50537,0.16484
0.3123,0.69678,1.1187,1.5414,1.9569,2.3606,2.7491,3.119,3.4675,3.7918,4.0897,4.3597,4.6011,4.814,4.9997,5.1603,5.2988,5.4185,5.5228,5.6142,5.6936,5.7604,5.8115,5.8419,5.8446,5.8117,5.7349,5.6067,5.4209,5.1734,4.8626,4.49,4.0602,3.581,3.063,2.5199,1.9681,1.4271,0.91992,0.47718,0.15565
0.29149,0.65034,1.0441,1.4385,1.826,2.2025,2.5646,2.9094,3.234,3.5361,3.8136,4.0652,4.2902,4.4889,4.6624,4.8129,4.943,5.0561,5.155,5.2422,5.3187,5.3836,5.4342,5.4655,5.4711,5.4434,5.3747,5.2576,5.0863,4.8566,4.5673,4.2194,3.8173,3.3681,2.882,2.3717,1.8529,1.3438,0.8664,0.44947,0.14662
0.27177,0.60632,0.97338,1.3409,1.702,2.0526,2.3897,2.7106,3.0126,3.2935,3.5516,3.7856,3.9949,4.1798,4.3416,4.4821,4.6039,4.7102,4.8036,4.8864,4.9594,5.022,5.0715,5.1032,5.111,5.0879,5.0263,4.9195,4.7616,4.549,4.2801,3.9559,3.5805,3.1604,2.7052,2.227,1.7403,1.2624,0.81403,0.42235,0.13778
0.25309,0.56463,0.9064,1.2485,1.5845,1.9107,2.2241,2.5223,2.8029,3.0638,3.3033,3.5205,3.7148,3.8866,4.0369,4.1677,4.2814,4.3808,4.4686,4.5468,4.6162,4.6761,4.7239,4.7555,4.765,4.7457,4.6905,4.5931,4.4479,4.2514,4.0019,3.7004,3.3506,2.9586,2.5333,2.086,1.6306,1.1831,0.76298,0.3959,0.12916
0.23542,0.5252,0.84303,1.1611,1.4734,1.7764,2.0675,2.3442,2.6045,2.8464,3.0684,3.2696,3.4497,3.6088,3.7482,3.8696,3.9753,4.068,4.1501,4.2235,4.289,4.346,4.3919,4.4229,4.4335,4.4174,4.368,4.2792,4.1458,3.9643,3.7333,3.4535,3.1282,2.7632,2.3667,1.9494,1.5241,1.106,0.71342,0.37022,0.12079
0.21872,0.48792,0.78314,1.0785,1.3684,1.6495,1.9194,2.1759,2.417,2.6409,2.8464,3.0325,3.199,3.3461,3.475,3.5874,3.6854,3.7714,3.8479,3.9165,3.978,4.0318,4.0756,4.1057,4.1169,4.1035,4.0592,3.9783,3.8558,3.6885,3.4749,3.2156,2.9138,2.5746,2.2059,1.8174,1.4212,1.0316,0.66547,0.34537,0.11269
0.20295,0.45271,0.72657,1.0005,1.2692,1.5297,1.7797,2.0171,2.24,2.447,2.6368,2.8086,2.9622,3.098,3.2169,3.3206,3.4112,3.4908,3.5618,3.6256,3.6831,3.7335,3.7749,3.8038,3.8154,3.8042,3.7644,3.6906,3.5783,3.4243,3.2272,2.9874,2.7079,2.3934,2.0512,1.6904,1.3221,0.9598,0.61925,0.32141,0.10487
0.18806,0.41947,0.67318,0.92688,1.1756,1.4167,1.6478,1.8672,2.0731,2.2642,2.4392,2.5975,2.739,2.864,2.9735,3.0689,3.1523,3.2258,3.2913,3.3505,3.4039,3.451,3.4899,3.5173,3.5289,3.5195,3.4837,3.4166,3.3137,3.1721,2.9904,2.7691,2.5107,2.2197,1.9028,1.5684,1.227,0.89089,0.57486,0.29839,0.097368
0.17401,0.38813,0.62282,0.85745,1.0874,1.3101,1.5236,1.726,1.9159,2.0919,2.253,2.3987,2.5287,2.6436,2.7441,2.8317,2.9083,2.9758,3.0362,3.0908,3.1402,3.1839,3.2202,3.2461,3.2574,3.2495,3.2173,3.1561,3.0619,2.9319,2.7648,2.5609,2.3225,2.0539,1.7611,1.4519,1.136,0.82494,0.53236,0.27635,0.09018
0.16077,0.35859,0.57537,0.79202,1.0043,1.2097,1.4065,1.593,1.7678,1.9297,2.0778,2.2116,2.3309,2.4361,2.5282,2.6085,2.6786,2.7405,2.7958,2.846,2.8915,2.9319,2.9656,2.9898,3.0007,2.994,2.9649,2.9092,2.823,2.7039,2.5504,2.3629,2.1435,1.896,1.626,1.3408,1.0492,0.76202,0.49181,0.25532,0.083319
0.1483,0.33076,0.53067,0.73041,0.92599,1.1152,1.2964,1.4679,1.6286,1.7772,1.9131,2.0356,2.1449,2.2412,2.3253,2.3987,2.4627,2.5192,2.5698,2.6157,2.6575,2.6946,2.7257,2.7482,2.7585,2.7527,2.7265,2.6757,2.597,2.4879,2.3472,2.1751,1.9735,1.746,1.4977,1.2352,0.96674,0.70218,0.45323,0.2353,0.076789
0.13656,0.30456,0.48861,0.67242,0.85235,1.0263,1.1928,1.3503,1.4976,1.6339,1.7583,1.8704,1.9702,2.0581,2.1349,2.2017,2.26,2.3115,2.3575,2.3994,2.4376,2.4716,2.5001,2.5208,2.5305,2.5254,2.5017,2.4555,2.3837,2.2839,2.1552,1.9975,1.8127,1.604,1.3761,1.1351,0.8885,0.64542,0.41663,0.21631,0.070594
0.12552,0.27992,0.44904,0.61789,0.7831,0.94277,1.0954,1.2398,1.3747,1.4993,1.613,1.7154,1.8064,1.8864,1.9562,2.0169,2.0699,2.1166,2.1585,2.1965,2.2312,2.2622,2.2883,2.3073,2.3162,2.3117,2.2902,2.2482,2.1827,2.0917,1.9741,1.83,1.6609,1.4699,1.2612,1.0404,0.81453,0.59174,0.382,0.19835,0.064732
0.11514,0.25676,0.41185,0.56665,0.71804,0.86427,1.004,1.136,1.2593,1.3731,1.4768,1.57,1.6528,1.7255,1.7889,1.8439,1.8919,1.9341,1.972,2.0065,2.0379,2.066,2.0897,2.107,2.1152,2.1112,2.0917,2.0535,1.9939,1.911,1.8037,1.6723,1.518,1.3436,1.153,0.95125,0.74477,0.54111,0.34934,0.18139,0.0592
0.10538,0.235,0.37691,0.51852,0.65695,0.7906,0.91819,1.0387,1.1511,1.2547,1.3491,1.4338,1.509,1.5749,1.6322,1.682,1.7253,1.7634,1.7976,1.8287,1.857,1.8825,1.9039,1.9195,1.927,1.9234,1.9056,1.8709,1.8168,1.7414,1.6438,1.5242,1.3837,1.2249,1.0512,0.86735,0.67915,0.49346,0.31859,0.16543,0.053993
0.096229,0.21458,0.34413,0.47336,0.59964,0.72149,0.83775,0.94743,1.0497,1.1439,1.2295,1.3063,1.3744,1.434,1.4858,1.5306,1.5696,1.6039,1.6346,1.6625,1.6881,1.711,1.7302,1.7443,1.751,1.7477,1.7316,1.7001,1.651,1.5826,1.494,1.3854,1.2578,1.1135,0.95572,0.78864,0.61755,0.44873,0.28973,0.15045,0.049104
0.087643,0.19542,0.31338,0.43102,0.54592,0.65673,0.76239,0.862,0.95479,1.0402,1.1177,1.1872,1.2486,1.3024,1.349,1.3893,1.4243,1.455,1.4825,1.5076,1.5304,1.5509,1.5682,1.5808,1.5868,1.5837,1.5691,1.5406,1.4961,1.4341,1.354,1.2556,1.1401,1.0093,0.86636,0.71495,0.55988,0.40685,0.26269,0.13642,0.044524
0.079596,0.17747,0.28458,0.39136,0.49561,0.5961,0.69186,0.78206,0.86602,0.94319,1.0132,1.0758,1.1312,1.1795,1.2213,1.2575,1.2888,1.3163,1.3408,1.3631,1.3835,1.4018,1.4173,1.4285,1.4338,1.4309,1.4176,1.3918,1.3517,1.2957,1.2233,1.1345,1.0301,0.91207,0.7829,0.64611,0.506,0.3677,0.23743,0.1233,0.040243
0.072064,0.16067,0.25762,0.35424,0.44854,0.53939,0.6259,0.70734,0.78308,0.85262,0.91563,0.97195,1.0216,1.065,1.1024,1.1347,1.1626,1.187,1.2089,1.2287,1.2469,1.2631,1.2768,1.2868,1.2914,1.2887,1.2767,1.2534,1.2172,1.1668,1.1016,1.0217,0.92773,0.82143,0.70512,0.58194,0.45576,0.33121,0.21387,0.11106,0.03625
0.06502,0.14496,0.23241,0.31955,0.40455,0.48641,0.56431,0.63758,0.70567,0.76813,0.82466,0.87513,0.91958,0.95828,0.99167,1.0204,1.0452,1.0669,1.0863,1.1038,1.1199,1.1343,1.1464,1.1552,1.1591,1.1566,1.1457,1.1248,1.0923,1.047,0.98853,0.91679,0.83251,0.73714,0.63278,0.52225,0.40902,0.29725,0.19194,0.099681,0.032535
0.058442,0.13029,0.20888,0.28716,0.3635,0.43697,0.50685,0.57254,0.63352,0.68942,0.73994,0.785,0.82462,0.85907,0.88873,0.9142,0.93616,0.95534,0.97242,0.98791,1.0021,1.0147,1.0254,1.0331,1.0365,1.0341,1.0243,1.0055,0.97641,0.93595,0.88363,0.81949,0.74417,0.65892,0.56564,0.46685,0.36564,0.26572,0.17159,0.089111,0.029085
0.052307,0.11661,0.18693,0.25696,0.32523,0.3909,0.45333,0.51197,0.56637,0.61618,0.66116,0.70121,0.7364,0.76693,0.79318,0.81568,0.83503,0.8519,0.86691,0.8805,0.89291,0.90402,0.91334,0.92005,0.92297,0.92075,0.91194,0.89514,0.86915,0.8331,0.78651,0.72941,0.66236,0.58648,0.50346,0.41553,0.32545,0.23652,0.15273,0.079318,0.025889
0.046596,0.10388,0.16651,0.22886,0.28962,0.34805,0.40356,0.45567,0.50397,0.54815,0.58801,0.62346,0.65456,0.6815,0.70463,0.7244,0.74138,0.75616,0.76928,0.78116,0.79199,0.80167,0.80979,0.8156,0.81807,0.816,0.8081,0.79315,0.77007,0.73809,0.69678,0.64618,0.58677,0.51954,0.446,0.3681,0.2883,0.20953,0.1353,0.070266,0.022934
0.041288,0.09204,0.14753,0.20275,0.25655,0.30826,0.35736,0.40342,0.44609,0.48508,0.52022,0.55144,0.57878,0.60244,0.6227,0.64,0.65483,0.6677,0.67912,0.68944,0.69884,0.70724,0.71426,0.71926,0.72134,0.71942,0.71238,0.69913,0.67873,0.6505,0.61407,0.56945,0.51708,0.45783,0.39302,0.32437,0.25405,0.18463,0.11923,0.061919,0.02021
0.036367,0.081067,0.12993,0.17855,0.22591,0.2714,0.31457,0.35505,0.39251,0.42672,0.45753,0.48486,0.50877,0.52942,0.54708,0.56213,0.57499,0.58615,0.59602,0.60494,0.61305,0.62029,0.62634,0.63061,0.63233,0.63057,0.62432,0.61265,0.59473,0.56995,0.538,0.49889,0.45299,0.40108,0.34429,0.28416,0.22255,0.16174,0.10444,0.05424,0.017704
0.031815,0.070918,0.11366,0.15618,0.19757,0.23733,0.27504,0.31037,0.34305,0.37287,0.39969,0.42346,0.44423,0.46214,0.47744,0.49044,0.50154,0.51114,0.51963,0.52728,0.53423,0.54043,0.5456,0.54923,0.55065,0.54903,0.54353,0.53331,0.51767,0.49607,0.46823,0.43417,0.39421,0.34902,0.2996,0.24727,0.19366,0.14074,0.090882,0.047197,0.015405
0.027617,0.061559,0.098652,0.13555,0.17146,0.20593,0.23862,0.26922,0.29751,0.32331,0.34648,0.36701,0.38491,0.40034,0.41348,0.42464,0.43414,0.44235,0.44959,0.4561,0.46202,0.46729,0.47168,0.47474,0.47589,0.47443,0.46962,0.46074,0.44718,0.42849,0.40442,0.37498,0.34046,0.30142,0.25873,0.21353,0.16724,0.12154,0.07848,0.040757,0.013303
0.02376,0.052959,0.084865,0.1166,0.14747,0.1771,0.20518,0.23146,0.25573,0.27785,0.29771,0.31527,0.33058,0.34374,0.35495,0.36444,0.37251,0.37946,0.38558,0.39109,0.39609,0.40053,0.40421,0.40677,0.4077,0.40639,0.40222,0.39458,0.38293,0.3669,0.34626,0.32104,0.29147,0.25804,0.22149,0.18279,0.14316,0.10404,0.06718,0.034888,0.011387
0.020229,0.045088,0.072249,0.099256,0.12553,0.15073,0.1746,0.19694,0.21756,0.23633,0.25317,0.26805,0.281,0.29213,0.30158,0.30958,0.31636,0.3222,0.32733,0.33194,0.33611,0.33982,0.34289,0.345,0.34574,0.34459,0.34101,0.3345,0.3246,0.31098,0.29347,0.27208,0.247,0.21867,0.18769,0.15489,0.1213,0.088154,0.056923,0.029562,0.0096486
0.017014,0.037921,0.060761,0.083469,0.10555,0.12673,0.14678,0.16554,0.18284,0.19858,0.21269,0.22515,0.23598,0.24527,0.25316,0.25982,0.26546,0.2703,0.27455,0.27836,0.28181,0.28487,0.28739,0.28912,0.2897,0.2887,0.28567,0.28019,0.27187,0.26044,0.24576,0.22784,0.20683,0.18309,0.15715,0.12969,0.10156,0.073807,0.047659,0.02475,0.0080781
0.014103,0.031432,0.050362,0.069179,0.087475,0.10502,0.12162,0.13714,0.15145,0.16446,0.17612,0.1864,0.19534,0.20299,0.20947,0.21494,0.21956,0.22353,0.227,0.23011,0.23292,0.23541,0.23746,0.23886,0.2393,0.23845,0.23592,0.23137,0.22448,0.21503,0.2029,0.18809,0.17074,0.15114,0.12972,0.10705,0.083831,0.06092,0.039337,0.020428,0.0066675
0.011487,0.025601,0.041017,0.056339,0.071234,0.08551,0.09902,0.11164,0.12328,0.13385,0.14331,0.15165,0.1589,0.16509,0.17034,0.17475,0.17848,0.18167,0.18446,0.18695,0.18921,0.1912,0.19284,0.19395,0.19429,0.19357,0.1915,0.18779,0.18219,0.1745,0.16465,0.15262,0.13854,0.12263,0.10525,0.086849,0.068012,0.049423,0.031913,0.016573,0.0054091
0.0091562,0.020407,0.032694,0.044905,0.056773,0.068145,0.078904,0.088952,0.09821,0.10662,0.11414,0.12077,0.12651,0.13143,0.13558,0.13907,0.14201,0.14453,0.14673,0.14869,0.15046,0.15203,0.15331,0.15417,0.15442,0.15384,0.15218,0.14922,0.14475,0.13864,0.1308,0.12124,0.11005,0.097407,0.083596,0.068982,0.05402,0.039255,0.025347,0.013163,0.0042961
0.007104,0.015833,0.025365,0.034837,0.044042,0.05286,0.0612,0.068987,0.076158,0.082669,0.088491,0.093616,0.098057,0.10185,0.10505,0.10774,0.11001,0.11194,0.11363,0.11513,0.11649,0.11768,0.11866,0.11932,0.1195,0.11903,0.11774,0.11544,0.11198,0.10724,0.10117,0.093774,0.085114,0.075335,0.064652,0.053349,0.041776,0.030357,0.019602,0.010179,0.0033223
0.0053231,0.011863,0.019005,0.026101,0.032996,0.0396,0.045845,0.051674,0.05704,0.06191,0.066262,0.070092,0.073408,0.076239,0.078626,0.080629,0.082312,0.083747,0.084998,0.086113,0.087118,0.088003,0.088726,0.089206,0.089334,0.08898,0.088006,0.08628,0.083688,0.080145,0.075606,0.070073,0.063599,0.056291,0.048307,0.03986,0.031213,0.022681,0.014645,0.0076052,0.0024822
0.0038074,0.0084853,0.013594,0.018668,0.023598,0.02832,0.032784,0.036949,0.040783,0.044261,0.047368,0.0501,0.052465,0.054483,0.056183,0.057607,0.058804,0.059822,0.060709,0.061499,0.06221,0.062837,0.063347,0.063684,0.06377,0.063513,0.062814,0.061578,0.059725,0.057193,0.053952,0.050002,0.045381,0.040165,0.034468,0.02844,0.02227,0.016183,0.010449,0.005426,0.001771
0.002552,0.0056874,0.0091111,0.012512,0.015816,0.018979,0.02197,0.02476,0.027327,0.029655,0.031734,0.033562,0.035143,0.036491,0.037626,0.038577,0.039374,0.040053,0.040643,0.041168,0.041641,0.042056,0.042395,0.042617,0.042672,0.042497,0.042027,0.041198,0.039956,0.038261,0.036092,0.033448,0.030356,0.026866,0.023055,0.019023,0.014896,0.010824,0.0069888,0.0036292,0.0011845
0.0015527,0.0034602,0.0055431,0.0076121,0.0096217,0.011546,0.013364,0.015061,0.016621,0.018036,0.0193,0.02041,0.02137,0.022188,0.022877,0.023453,0.023936,0.024347,0.024703,0.025021,0.025307,0.025558,0.025762,0.025895,0.025927,0.02582,0.025533,0.025028,0.024273,0.023242,0.021924,0.020317,0.018439,0.016319,0.014004,0.011554,0.0090475,0.0065742,0.0042448,0.0022043,0.00071944
0.00080604,0.0017963,0.0028776,0.0039516,0.0049947,0.0059934,0.0069372,0.0078174,0.0086271,0.0093612,0.010016,0.010592,0.01109,0.011514,0.01187,0.012168,0.012418,0.012631,0.012815,0.012979,0.013127,0.013256,0.013361,0.01343,0.013446,0.01339,0.013241,0.012979,0.012587,0.012052,0.011368,0.010535,0.0095605,0.0084612,0.0072606,0.0059907,0.0046909,0.0034086,0.0022008,0.0011429,0.00037301
0.00030967,0.00069013,0.0011055,0.0015181,0.0019189,0.0023025,0.002665,0.0030031,0.003314,0.0035959,0.0038475,0.0040685,0.0042595,0.0044221,0.0045589,0.0046733,0.0047691,0.0048505,0.0049211,0.0049839,0.0050404,0.00509,0.0051302,0.0051564,0.0051624,0.0051407,0.0050833,0.0049826,0.004832,0.0046266,0.004364,0.0040441,0.0036701,0.003248,0.0027871,0.0022996,0.0018007,0.0013084,0.0008448,0.0004387,0.00014318
6.1904E-05,0.00013796,0.00022099,0.00030347,0.00038357,0.00046025,0.00053271,0.00060028,0.00066243,0.00071876,0.00076904,0.00081319,0.00085135,0.00088384,0.00091117,0.00093401,0.00095314,0.00096939,0.00098349,0.00099603,0.0010073,0.0010172,0.0010252,0.0010304,0.0010316,0.0010273,0.0010158,0.00099564,0.00096554,0.0009245,0.00087201,0.00080808,0.00073334,0.000649,0.00055691,0.0004595,0.0003598,0.00026144,0.0001688,8.7657E-05,2.861E-05
